3011486
3187899
3220355
3223981
3223985
3230534
3259939
3325799
3282081
3299035
3274427
3341540
3334230
3329971
3366960
3383876
3383884
3410179
3419925
3446888
3439723
3430780
3453744
3453743
3472121
3468282
3458434
3463815
3453777
3487438
3475888
3487443
3487448
3505787
3502237
3488977
3532285
3531170
3529877
3528751
3522001
3557153
3625235
3616139
3649800
3642724
3635881
3656831
3653902
3674739
3672463
3665807
3663383
3665149
3709890
3728687
3726081
3775716
3775637
3763774
3795125
3796601
3792841
3789059
3815053
3823469
3823119
3821538
3821533
3848525
3838942
3900487
3897517
3895960
3893501
3936231
3933820
3922635
3973504
3963810
3991144
3990550
4021403
4019832
4006252
4000709
4046757
4093891
4083867
4080764
4069757
4061027
4142672
4140808
4140092
4138035
4137131
4135641
4135640
4135639
4119393
4117574
4112122
4107488
4105102
4147394
4144911
4205824
4211696
4192344
4171066
4160788
4160787
4244185
4242670
4234884
4233229
4326495
4325254
4316070
4316068
4316063
4316060
4314002
4310603
4294496
4285629
4276319
4339086
4339083
4338090
4331211
4330797
4329025
4329022
4327169
4353615
4366699
4350424
4348976
4437227
4421534
4421531
4386805
4459938
4451770
4451111
4450906
4462413
4474071
4473685
4488953
4487008
4479180
4508300
4506531
4502911
4560735
4517724
4652902
4650950
4644531
4642707
4633019
4623462
4672088
4669991
4701791
4676180
4799117
4802711
4781264
4776513
4771612
4759594
4816014
4814210
4804038
4827224
4862533
4854673
4853643
4867841
4867837
4865757
4886336
4909257
4968808
4983455
5028581
5043333
5036741
5141050
5190248
5178154
5177905
5247183
5327716
5416989
5454554
5455037
5448235
5515629
5536434
5518707
5518222
5640635
5642808
5637989
5687874
5778217
5752953
5876013
5878588
5815421
5912273
6180841
6139285
6134302
6123502
6112849
6107016
6339427
6198548
6189199
6477694
6551834
6665682
6671918
6609626
6575870
6817240
6782974
6909599
6741341
6700945
7065885
7066014
7065917
7187204
7525085
7381860
7275380
7781875
7741800
7717791
6025468
8009805
8023618
8323421
8482885
8423560
8642973
8742874
8806444
9020520
